Identified 108 Counterfactuals 
Accuracy: 0.9060 
Precision: 0.6019 
Recall: 0.5603 
Form 1   Count: 50,  Accuracy: 0.7200 
Form 2   Count: 30,  Accuracy: 0.5000 
Form 3   Count: 21,  Accuracy: 0.6190 
Form 4   Count: 5,  Accuracy: 0.2000 
Form 5   Count: 0,  Accuracy: 1.0000 
Form 6   Count: 2,  Accuracy: 0.0000 
Form 7   Count: 0,  Accuracy: 1.0000 
Incorrect predictions
idx, pred, label, form
52  0  1  0
85  1  0  1
91  0  1  0
102  1  0  6
144  0  1  0
150  0  1  0
159  0  1  0
163  1  0  1
165  0  1  0
166  0  1  0
168  0  1  0
177  0  1  0
184  0  1  0
185  0  1  0
189  1  0  2
214  1  0  1
226  1  0  3
235  1  0  3
258  0  1  0
260  1  0  1
284  0  1  0
289  0  1  0
295  1  0  1
316  0  1  0
317  1  0  1
318  1  0  1
319  1  0  1
320  1  0  1
322  0  1  0
330  0  1  0
365  1  0  3
367  0  1  0
372  0  1  0
373  1  0  2
377  0  1  0
379  0  1  0
380  1  0  1
382  1  0  2
385  1  0  3
392  0  1  0
408  1  0  3
413  1  0  1
438  1  0  2
466  1  0  2
471  0  1  0
489  1  0  4
514  0  1  0
519  1  0  4
523  1  0  6
525  0  1  0
538  1  0  2
555  1  0  2
575  0  1  0
579  0  1  0
596  0  1  0
617  0  1  0
619  0  1  0
629  0  1  0
636  0  1  0
645  0  1  0
647  0  1  0
649  0  1  0
657  0  1  0
687  0  1  0
696  1  0  2
704  0  1  0
724  0  1  0
731  1  0  4
740  1  0  1
764  0  1  0
785  0  1  0
786  0  1  0
790  0  1  0
808  1  0  1
809  0  1  0
815  1  0  2
833  1  0  1
838  1  0  3
847  1  0  2
848  0  1  0
855  1  0  4
856  0  1  0
860  1  0  2
878  0  1  0
881  0  1  0
887  0  1  0
905  0  1  0
932  1  0  2
937  1  0  3
939  1  0  3
963  1  0  2
986  1  0  2
993  1  0  2
998  0  1  0
