Identified 100 Counterfactuals 
Accuracy: 0.9100 
pearson corr: 0.5350 
p-val: 0.0000 
Precision: 0.6300 
Recall: 0.5431 
Form 1   Count: 50,  Accuracy: 0.7200 
Form 2   Count: 27,  Accuracy: 0.4815 
Form 3   Count: 16,  Accuracy: 0.7500 
Form 4   Count: 6,  Accuracy: 0.3333 
Form 5   Count: 0,  Accuracy: 1.0000 
Form 6   Count: 1,  Accuracy: 0.0000 
Form 7   Count: 0,  Accuracy: 1.0000 
Incorrect predictions
idx, pred, label, form
4  0  1  0
52  0  1  0
67  1  0  2
85  1  0  1
91  0  1  0
144  0  1  0
150  0  1  0
159  0  1  0
163  1  0  1
165  0  1  0
166  0  1  0
168  0  1  0
177  0  1  0
184  0  1  0
185  0  1  0
200  0  1  0
214  1  0  1
235  1  0  3
258  0  1  0
260  1  0  1
284  0  1  0
289  0  1  0
295  1  0  1
316  0  1  0
317  1  0  1
318  1  0  1
319  1  0  1
320  1  0  1
322  0  1  0
330  0  1  0
365  1  0  3
367  0  1  0
372  0  1  0
373  1  0  2
377  0  1  0
379  0  1  0
380  1  0  1
382  1  0  2
392  0  1  0
413  1  0  1
438  1  0  2
466  1  0  2
471  0  1  0
489  1  0  4
514  0  1  0
519  1  0  4
523  1  0  6
525  0  1  0
538  1  0  2
575  0  1  0
579  0  1  0
596  0  1  0
617  0  1  0
619  0  1  0
629  0  1  0
636  0  1  0
645  0  1  0
647  0  1  0
649  0  1  0
657  0  1  0
696  1  0  2
704  0  1  0
724  0  1  0
731  1  0  4
740  1  0  1
764  0  1  0
785  0  1  0
786  0  1  0
790  0  1  0
808  1  0  1
809  0  1  0
815  1  0  2
821  1  0  3
833  1  0  1
847  1  0  2
848  0  1  0
853  0  1  0
855  1  0  4
856  0  1  0
860  1  0  2
878  0  1  0
881  0  1  0
887  0  1  0
905  0  1  0
932  1  0  2
937  1  0  3
963  1  0  2
986  1  0  2
993  1  0  2
998  0  1  0
